0
0
1.9e-06
7.9e-06
1.77e-05
3.11e-05
4.78e-05
7.09e-05
9.64e-05
0.0001259
0.0001477
0.0001925
0.0002331
0.0002795
0.0003165
0.0003821
0.0004303
0.0004751
0.0005417
0.0006142
0.0006681
0.0007466
0.0008331
0.0008918
0.0009706
0.0010698
0.0011562
0.0012299
0.0013337
0.0014272
0.0015016
0.0015985
0.0017247
0.0018124
0.0019345
0.0020592
0.0021741
0.0022719
0.00241
0.0025168
0.0026247
0.0027561
0.0029139
0.0030285
0.0031825
0.0033348
0.003437
0.003582
0.0037119
0.0039063
0.0039935
0.00413
0.0043244
0.0044624
0.0046245
0.0047575
0.0049633
0.0051199
0.005304
0.005412
0.0055933
0.0057787
0.0059642
0.0061221
0.0062834
0.0064404
0.0066098
0.0067861
0.007016
0.0071661
0.0073123
0.0074841
0.0077113
0.0078616
0.0080796
0.0082247
0.0084813
0.0086099
0.0088599
0.0090192
0.0092032
0.0093598
0.0095672
0.009852
0.0099404
0.0102158
0.0103484
0.010529
0.0107254
0.0109034
0.011149
0.011376
0.0115405
0.0117406
0.0119406
0.0120491
0.0122796
0.0125274
0.0127496
0.0129657
0.0130334
0.0133722
0.0131547
0.0130406
0.0127512
0.0124987
0.0122724
0.0122043
0.0119672
0.0117545
0.0115289
0.0113121
0.0111355
0.0108718
0.0107646
0.0105448
0.0103511
0.0101991
0.0099523
0.0097863
0.0095682
0.0093637
0.0091777
0.0090147
0.0088082
0.0086472
0.0084596
0.0082714
0.0080688
0.0078604
0.0077228
0.007564
0.0073125
0.0071527
0.0069827
0.006803
0.0066247
0.0064621
0.0062765
0.0061094
0.0059524
0.0057655
0.0055569
0.0054041
0.0052654
0.0050616
0.0049417
0.0047525
0.0046025
0.0044632
0.004336
0.0041363
0.0040163
0.0038545
0.0037046
0.0035785
0.0034196
0.0032791
0.0031668
0.0030439
0.0028963
0.0027471
0.0026238
0.0025194
0.0023906
0.0022675
0.0021554
0.0020465
0.0019246
0.0018262
0.0017275
0.0016152
0.0015176
0.0014178
0.0013267
0.0012549
0.0011556
0.0010721
0.0009643
0.0008837
0.0007955
0.0007533
0.000696
0.0006087
0.0005445
0.0004852
0.0004276
0.0003704
0.0003293
0.0002763
0.0002324
0.0001923
0.0001613
0.0001261
9.72e-05
7.22e-05
5.2e-05
2.95e-05
1.88e-05
6.8e-06
1.9e-06
0
