0
0.009961
0.010038
0.010024
0.010191
0.01016
0.009944
0.010008
0.010056
0.009879
0.009942
0.010131
0.009897
0.010087
0.010083
0.010046
0.00994
0.010054
0.010096
0.01003
0.009989
0.009856
0.009973
0.010072
0.010193
0.009869
0.010103
0.009992
0.009971
0.00983
0.010086
0.010028
0.009925
0.010147
0.009977
0.009909
0.009915
0.010101
0.009991
0.009925
0.009997
0.010151
0.009972
0.009815
0.009909
0.010025
0.010121
0.010087
0.009937
0.009975
0.010009
0.010089
0.009948
0.010039
0.010017
0.009874
0.009929
0.010025
0.009954
0.009801
0.010087
0.009798
0.009969
0.010094
0.009998
0.009932
0.010011
0.010072
0.010012
0.010026
0.010025
0.010033
0.010053
0.010121
0.009862
0.010005
0.010042
0.01011
0.010159
0.010063
0.009915
0.010164
0.010013
0.009856
0.010145
0.01001
0.01014
0.010029
0.010198
0.009994
0.010104
0.009868
0.010085
0.01026
0.009915
0.009773
0.010089
0.010152
0.009968
0.010085
0.009951
