0
0.01
0.007
0.004
0.011
0.013
0.009
0.009
0.008
0.013
0.014
0.007
0.017
0.015
0.009
0.008
0.006
0.009
0.006
0.008
0.009
0.011
0.013
0.013
0.008
0.011
0.007
0.01
0.008
0.008
0.01
0.003
0.008
0.01
0.004
0.006
0.015
0.01
0.008
0.007
0.005
0.008
0.005
0.008
0.017
0.014
0.01
0.012
0.01
0.016
0.008
0.011
0.012
0.011
0.004
0.02
0.009
0.007
0.007
0.011
0.012
0.008
0.012
0.01
0.006
0.012
0.012
0.011
0.009
0.008
0.005
0.01
0.008
0.015
0.003
0.01
0.008
0.009
0.007
0.011
0.013
0.011
0.015
0.008
0.009
0.009
0.015
0.009
0.013
0.008
0.011
0.008
0.011
0.01
0.008
0.01
0.008
0.011
0.014
0.01
0.007
