0
0
0.014
0.005
0.006
0.007
0.016
0.009
0.01
0.007
0.011
0.008
0.009
0.011
0.012
0.011
0.011
0.009
0.011
0.011
0.013
0.014
0.006
0.009
0.007
0.004
0.013
0.01
0.011
0.006
0.01
0.013
0.012
0.013
0.01
0.011
0.011
0.012
0.008
0.012
0.003
0.008
0.016
0.011
0.012
0.013
0.011
0.011
0.01
0.004
0.01
0.014
0.007
0.008
0.007
0.011
0.01
0.011
0.01
0.014
0.007
0.016
0.006
0.009
0.013
0.013
0.015
0.006
0.008
0.013
0.005
0.009
0.007
0.012
0.01
0.009
0.011
0.014
0.006
0.007
0.011
0.013
0.014
0.003
0.012
0.005
0.006
0.012
0.009
0.009
0.011
0.007
0.01
0.014
0.009
0.013
0.01
0.009
0.012
0.017
0.008
