0
0.00999
0.009958
0.010187
0.009924
0.010168
0.010091
0.01018
0.010092
0.010148
0.009899
0.01009
0.010047
0.009984
0.009905
0.009927
0.009936
0.010085
0.010012
0.010062
0.009936
0.009979
0.009994
0.010009
0.010025
0.009971
0.010132
0.010014
0.009839
0.009882
0.009894
0.009863
0.009976
0.010101
0.009933
0.010033
0.009971
0.010011
0.009861
0.010095
0.009855
0.010015
0.010169
0.00978
0.009972
0.009961
0.010134
0.009984
0.010069
0.00996
0.009969
0.009913
0.009892
0.010193
0.010021
0.010182
0.009903
0.010061
0.009932
0.010068
0.010048
0.010065
0.009951
0.009993
0.009965
0.01012
0.009997
0.010094
0.009809
0.01008
0.010015
0.009804
0.009804
0.010036
0.010026
0.010106
0.010005
0.01006
0.009996
0.010014
0.010007
0.01004
0.010008
0.010038
0.00998
0.010094
0.009783
0.01008
0.009924
0.00996
0.010113
0.010118
0.010002
0.010085
0.009861
0.009967
0.010106
0.009922
0.009974
0.010038
0.01008
